c 101001010111010101110111010 1000000000000000100000100000000 4649167748363029/288230376151711744 1061567780280403/4503599627370496 4376094881320889/4503599627370496 17 11 15 4 5 14 8 7 18 2
c 1000101001000000010101110111010 10000010100000000000100 4806168346597363/9007199254740992 4882865031937431/9007199254740992 2923525838720043/4503599627370496 6 7 18 2 17 16 4 5 12 14
c 1000101001000001110101110011010 100000000000100100 650185461976333/1125899906842624 4459418387269713/18014398509481984 1751831232750509/2251799813685248 7 18 1 2 17 16 15 4 12 14 6
c 1000101001000010010101110111010 10010010100000000000000 128396816313313/281474976710656 4796980795615515/9007199254740992 3210810388483043/4503599627370496 6 7 18 2 17 16 4 5 14
c 1000101001000101110101110011010 10100000000000100100 5212411356275877/9007199254740992 1679045079720949/9007199254740992 111739195996013/140737488355328 14 6 8 7 18 1 2 17 15 4 12
c 1000101001010010010100110111010 10000100000001000000000 2336654032547517/9007199254740992 5316682454660491/9007199254740992 6884952724826177/9007199254740992 20 2 17 16 4 5 14 8 6 7 18
c 1000101001010010010101110111010 10010101100001000000000 6349885491420693/18014398509481984 2547963054875667/4503599627370496 1678558050456227/2251799813685248 6 7 18 2 17 16 4 5 14 8
c 1000101001010011010101110111010 101100000000000000 3497730606266755/9007199254740992 4262364203443067/9007199254740992 3561171521346543/4503599627370496 8 6 7 18 2 17 16 15 4 5 14
c 1000101001010101110101110011010 10000000000001100000 8992473529274059/18014398509481984 6660931939248263/72057594037927936 3880085152013629/4503599627370496 17 15 4 12 14 8 7 18 1 2
c 1000101001010110010100110111010 10000101000001000000000 4227676820894991/72057594037927936 5221759133081203/9007199254740992 7320081995380723/9007199254740992 2 17 15 16 4 5 14 8 7 18 20
c 1000101001010110010101110111010 101000001000000000 4357530577089251/18014398509481984 4810862665723793/9007199254740992 7296452606820981/9007199254740992 17 15 16 4 5 14 8 7 18 2
c 1000101001010111010100110111010 1000001100000000 3635602193264777/18014398509481984 2445454750425889/4503599627370496 7341950819922901/9007199254740992 14 8 7 18 20 2 17 15 4 5
c 1000101001010111010101110111010 1000000000000101100001000000000 1939744034182831/9007199254740992 807983522548025/2251799813685248 8180564377419993/9007199254740992 18 2 17 15 4 5 14 8 7
c 1000101011000000010101110101110 1000100000000010000 5537790380665693/9007199254740992 5095947281510341/9007199254740992 4949124914414725/9007199254740992 4 5 12 14 6 7 19 18 2 0 16
c 1000101011000000010101110111010 10000010000000000000100 5022187567395277/9007199254740992 5130481630545981/9007199254740992 2719624454365769/4503599627370496 7 19 18 2 17 16 4 5 12 14 6
c 1000101011000000010101110111110 10001010100000000010100 2546227277269557/4503599627370496 337656000764153/562949953421312 637494875744575/1125899906842624 4 5 12 14 6 7 19 18 2 0 17 16
c 1000101011000010010100110111010 11000000001000000000 5204257933866081/18014398509481984 6624344810032715/9007199254740992 5520563294795857/9007199254740992 4 5 14 6 7 19 18 20 2 17 16
c 1000101011000010010101110111010 10011010000001000000100 2308501533256341/4503599627370496 5216055590456037/9007199254740992 5710138805291119/9007199254740992 2 17 16 4 5 14 6 7 19 18
c 1000101011001010010000110101010 111000010100 1985829928575905/4503599627370496 1811730301136171/2251799813685248 1791486076475069/4503599627370496 3 4 5 14 6 19 18 20 2 17 0 16
c 1000101011001010010000110111010 110000010000 3067706262853947/9007199254740992 3659015583368345/4503599627370496 4262069513994791/9007199254740992 6 19 18 20 2 17 16 3 4 5 14
c 1000101011001010010001110101010 101000000100 8417161902422961/18014398509481984 3456394977799511/4503599627370496 1976791581166047/4503599627370496 3 4 5 14 6 19 18 2 17 0 16
c 1000101011001010010010110101010 1000000000000001010000010100 5204462522068141/18014398509481984 7916267039079105/9007199254740992 1709586722331849/4503599627370496 14 6 19 20 2 17 0 16 3 5
c 1000101011001010010010110111010 10000001110000010000 5093187208782087/18014398509481984 1873988762927807/2251799813685248 4295946611796547/9007199254740992 20 2 17 16 3 5 14 6 19
c 1000101011001010010100110101010 101000010000 980213471122085/2251799813685248 1718821710544669/2251799813685248 2149824066572899/4503599627370496 6 19 18 20 2 17 0 16 4 5 14
c 1000101011001010010100110111010 11000000111000010000 2816856598596035/9007199254740992 1711089526659579/2251799813685248 5133197777764561/9007199254740992 16 4 5 14 6 19 18 20 2 17
c 1000101011001010010101110101010 101000010100 8339773336159147/18014398509481984 3356505933036181/4503599627370496 540213431142477/1125899906842624 4 5 14 6 19 18 2 17 0 16
c 1000101011001010010101110111010 1000000001000010100 8199201271504801/18014398509481984 6482654044368615/9007199254740992 2305706747057/4398046511104 16 4 5 14 6 19 18 2 17
c 1000101011001010010110110111010 10000000110000000000 8605872722779529/36028797018963968 3590043484242055/4503599627370496 4994714627190305/9007199254740992 16 4 3 5 14 6 19 20 2 17
c 1000101011001010011010110101010 1000000000000001000000010000 3666024477864905/72057594037927936 2207509121490267/2251799813685248 6870339967656031/36028797018963968 19 20 2 17 0 16 3 23 5 14 6
c 1000101011001010011010110111010 1000100010000 2205514768172213/576460752303423488 8760635480597071/9007199254740992 4185554595793997/18014398509481984 23 5 14 6 19 20 2 17 16 3
c 1000101011010010010100110111010 10011100000011000000000 993523645133841/4503599627370496 6780137409020479/9007199254740992 5586682217170367/9007199254740992 8 6 7 19 18 20 2 17 16 4 5 14
c 1000101011010010010101110111010 10010000000001000000000 3105885268427879/9007199254740992 5794361138771611/9007199254740992 3078493710707507/4503599627370496 2 17 16 4 5 14 8 6 7 19 18
c 1000101011010010010110110111010 1000000010100000000 4947576697712365/72057594037927936 6916404631619783/9007199254740992 22409250510961/35184372088832 3 5 14 8 6 7 19 20 2 17 16 4
c 1000101011010110010100110111010 10000100000000100000000 8749050507289271/576460752303423488 5970043845640437/9007199254740992 3371554794734407/4503599627370496 19 18 20 2 17 15 16 4 5 14 8 7
c 1001101011001010010010110101010 1000000000000001000000000100 6969240071124449/36028797018963968 4411200574153007/4503599627370496 8146375997843413/144115188075855872 5 14 6 19 9 20 2 17 0 16 3
c 1001101011001010011010110101010 1000000000000001000100001000 7601702378307603/72057594037927936 8953278876188987/9007199254740992 8191713723997953/288230376151711744 9 20 2 17 0 16 3 23 5 14 6 19
a 1011010110011010010111010 1100100000000000100000000000 1000101001000000010101110111010 84
a 1011010110011110010111010 100100000000000100000000000 1000101011000000010101110111010 84
a 1100010111011110010111010 10100010000000000000000000000 1000101011010010010101110111010 133
a 1110010110011110010111010 1000001000001000000000000000 1000101011000000010101110101110 84
a 1110010111011110010111010 11100011000001000000000000000 1000101011000010010101110111010 133
a 1111010110011010010111010 1000100000000000100000000000 1000101011000000010101110101110 133
a 1111010110011110010111010 1100101000001000100000000000 1000101011000000010101110111110 14
a 1111010111011110010111010 100001000001000000000000000 1000101011000000010101110111010 133
a 101000010101110101111011010 1010000000000010000000000100001 1000101011001010010010110101010 112
a 101000010101110101111011011 1110000000000000000000000000101 1000101011001010010000110101010 112
a 101000010101110101111011111 1100000000000000000000000000100 1000101011001010010001110101010 112
a 101000010101110101111111010 1000000000000010000000000100000 1001101011001010010010110101010 112
a 101000010111010100010111010 101000000100011000000000 1000101011001010010010110101010 84
a 101000010111010101010111010 1000000100001000000000 1000101011001010011010110101010 84
a 101000010111010110010111010 111000000001010000000000 1000101011001010010000110101010 84
a 101000010111011110010111010 110000000001000000000000 1000101011001010010001110101010 84
a 101000010111110100010111010 100000000100001000000000 1001101011001010010010110101010 84
a 101000010111110101010111010 100001101000000 1001101011001010011010110101010 84
a 101000010111110101011111010 10000100000000000000101000000 1001101011001010011010110101010 102
a 101000010111110101110111010 1000000001000000000000101000000 1001101011001010011010110101010 66
a 101000010111110101111011010 10000000000010000000000100000 1000101011001010011010110101010 112
a 101000010111110101111111010 10000000101100000 1001101011001010011010110101010 112
a 101001010111010100010111010 1000000011000000000011000000000 1000101011001010010010110111010 84
a 101001010111010101010111010 1000000000001100000000 1000101011001010011010110111010 84
a 101001010111010101110111010 1000000000000000100000100000000 101001010111010101110111010 136
a 101001010111010110010111010 11000000000010000000000 1000101011001010010000110111010 84
a 101001010111110101110111010 1000000001000000100000000000000 1001101011001010010010110101010 66
a 101010010111010110010111010 11000000001000000000000 1000101011001010010100110101010 84
a 101010010111011110010111010 111000000001000000000000 1000101011001010010101110101010 84
a 101011010110010110010111010 1000000000000001001000000000000 1000101011000010010100110111010 84
a 101011010110011010010111010 1001100000000000000100000000000 1000101001000010010101110111010 84
a 101011010110011110010111010 1000100100000001001100000000000 1000101011000010010101110111010 84
a 101011010111010100010111010 1000000010000000000010000000000 1000101011001010010110110111010 84
a 101011010111010110010111010 1000000011000001001010000000000 1000101011001010010100110111010 84
a 101011010111011110010111010 101000001001000000000000 1000101011001010010101110111010 84
a 101100010111010100010111010 10000100000000101010000000000 1000101001010111010101110111010 133
a 101100010111010110010111010 100000000001010000000000 1000101001010011010101110111010 133
a 101100010111011100010111010 10000000000000001010000000000 1000101001010110010101110111010 133
a 101100010111011110010111010 10100110000000001010000000000 1000101001010010010101110111010 133
a 101100010111110100010111010 100000000100000001000000 101001010111010101110111010 133
a 101100010111110100011111010 10000000000000000001001000000 1000101011001010011010110111010 102
a 101100010111110101011111010 10000100000000000001000000000 1000101011001010011010110101010 102
a 101110010111011110010111010 100111000000000000000000000 1000101001000010010101110111010 133
a 101111010110011110010111010 100100000001000000000000000 1000101011000000010101110101110 14
a 101111010111011110010111010 100101000001000000000000000 1000101001000000010101110111010 133
a 1000110010110001010010111010 10001000001000000000000000000 1000101001010110010101110111010 14
a 1000110011110001010010111010 10001001001000000000000000000 1000101001010110010100110111010 14
a 1000111011010001010010100010 1000010000000000000000000010000 1000101011010010010101110111010 277
a 1000111011010001010010110010 1010011000000100000000000010000 1000101011010010010100110111010 277
a 1000111011110001010010110010 10000000000100000000000001000 1000101011010010010110110111010 277
a 1000111011110001010010111010 1001000000000000000001000 1000101011010110010100110111010 14
a 1001011010110011010010111010 1100100001000000000000000000 1000101011001010010101110111010 14
a 1001011011010001010010111010 1000000100000100010000000000000 1000101001000101110101110011010 84
a 1001011011010011010010111010 1000000000000100010000000000000 1000101011001010010110110111010 14
a 1001011011110001010010111010 100000100010000000000000 1000101001000001110101110011010 84
a 1001011011110011010010111010 1000100100001100010000000000000 1000101011001010010100110111010 14
a 1001110010110001010010111010 10001001001001010000000000000 1000101001010010010101110111010 14
a 1001110010110011010010111010 1000001010100000000000 1000101001000010010101110111010 14
a 1001110010110011110010111010 1000001000001000100000000000 1000101001000000010101110111010 14
a 1001110010111001010010111010 10000000000001010000000000000 1000101011001010010001110101010 133
a 1001110010111011010010111010 10000000000001010100000000000 1000101011001010010101110101010 133
a 1001110010111011110010111010 11000000000001000100000000000 1000101011001010010101110111010 133
a 1001110011110001010010111010 1001001000000000000000000 1000101001010010010100110111010 14
a 1001111010110001010010111010 1001000010000000000000 1000101011010010010101110111010 14
a 1001111010110011010010111010 1000101001000010100000000000 1000101011000010010101110111010 14
a 1001111010110011110010111010 1000001000000000100000000000 1000101011000000010101110111010 14
a 1001111011010001010010110010 1000001000000000000000000001000 1000101011010110010100110111010 277
a 1001111011010001010010111010 100000100000000000001000 1000101011010010010110110111010 14
a 1001111011110001010010111010 1101001100010000000000000 1000101011010010010100110111010 14
a 1001111011110011010010111010 100001000010000000000000 1000101011000010010100110111010 14
a 1010111011010001010010100000 10000000100000000000000000010 1000101011000000010101110101110 396
a 1010111011010001010010100010 1010010000100000000000000010010 1000101011000010010101110111010 277
a 1010111011010001010010110010 10010000000000000000000010000 1000101011000010010100110111010 277
a 1010111101010001010000100000 1010000000010000000000010000000 1000101001000000010101110111010 396
a 1010111101010001010010100000 1000000000010000000000010000000 1000101011000000010101110111010 396
a 1010111111010001010000100000 10000000010000000000010000000 1000101011000000010101110101110 277
a 1010111111010001010010100000 1010000000110000000000010000010 1000101011000000010101110111110 396
a 1010111111010001010010100010 1000000000100000000000000000010 1000101011000000010101110111010 277
a 1101011010110011010010111010 1001100000001000000000000000000 1000101011001010010101110101010 14
a 1101011011110011010010111010 1000100000001000000000000000000 1000101011001010010100110101010 14
a 10000100010111001100001111010 1010000000000110010010000000 1000101001010010010101110111010 102
a 10000100010111001100011111010 10010010000000 1000101001010010010100110111010 102
a 10000100010111001110001111010 1000000000000000010010000000 1000101001010110010101110111010 102
a 10000100010111001110011111010 1000000000000010010010000000 1000101001010110010100110111010 102
a 10000100010111010100011111010 1000000000101000000000000 1000101001000001110101110011010 172
a 10000100010111011100001111010 110000010000000 1000101011010010010101110111010 102
a 10000100010111011100011111010 1000000000111010010000000 1000101011010010010100110111010 102
a 10000100010111011110010111010 1001000000000000000001000000 1000101011010010010110110111010 133
a 10000100010111011110011111010 10010001000000 1000101011010110010100110111010 102
a 10000100010111101100001111010 100010000000000110000000000000 1000101001000010010101110111010 102
a 10000100010111110100001011010 100000000000000001001000100000 1000101001000000010101110111010 172
a 10000100010111110100001111010 1001010100000 1000101011001010010101110111010 102
a 10000100010111110100011111010 101000000000101001010000000 1000101011001010010100110111010 102
a 10000100010111110101001011010 100100000000000000001000100000 1000101001000010010101110111010 172
a 10000100010111110101001111010 100000000000000001010100000 1000101011001010010101110101010 102
a 10000100010111110101011111010 100000000000000001010000000 1000101011001010010100110101010 102
a 10000100010111111100001011010 100000000000000001000000100000 1000101011000000010101110101110 53
a 10000100010111111100001111010 100000000000000111000010100000 1000101011000010010101110111010 102
a 10000100010111111100011111010 101000010000000 1000101011000010010100110111010 102
a 10001100010111010100011111010 101000000000101000000000000 1000101001000101110101110011010 172
a 10001100010111011100010111010 100000000000000010001000000 1000101011010110010100110111010 133
a 10001100010111011100011111010 1000000000001000001000000 1000101011010010010110110111010 102
a 10001100010111011110010111010 11101010000000000010000000000 1000101011010010010100110111010 133
a 10001100010111110100011111010 101000000000100000000000000 1000101011001010010110110111010 102
a 10001110010111011110010111010 11000010000000000000000000000 1000101011000010010100110111010 133
a 10010100010111001100001111010 1010000000000100000000000000 1000101011001010010001110101010 53
a 10010100010111101100001111010 101010000000000100000000000000 1000101011001010010101110101010 53
a 10100100010101110101001011010 100001000000010000000000000000 1000101001010010010100110111010 172
a 10100100010111110100011111010 101000000000000001000000000 1000101011001010010000110111010 102
a 10100100010111110101001011010 100101000000010000000010100000 1000101001010010010101110111010 172
a 10100100010111110101001111010 100000000000000000010100000 1000101011001010010001110101010 102
a 10100100010111110101011011010 1000000000000000010100000 1000101001010011010101110111010 172
a 10100100010111110101011111010 101000000000000001010100000 1000101011001010010000110101010 102
a 10101000010101110101111011010 110000100000010000000000000001 1000101011001010010010110111010 112
a 10101000010101110101111011011 110000000000000000000000000001 1000101011001010010000110111010 112
a 10101000010111110101011011010 100000000000000100100000 101001010111010101110111010 172
a 10101000010111110101011111010 10000100000000000000000100000 1001101011001010010010110101010 102
a 10101000010111110101111011010 10000000000010000000100000000 1000101011001010011010110111010 112
a 10101100010101110101001011010 100001000000010000000010000000 1000101001010110010100110111010 172
a 10101100010101110101011011010 10000000110000000 1000101001010111010100110111010 172
a 10101100010101110101111011010 100000100000000000000100000000 1000101001010101110101110011010 161
a 10101100010111010100010111010 10000000000000001000001000000 1000101001010111010100110111010 133
a 10101100010111010100011111010 100000000000100000001000000 1000101001010101110101110011010 172
a 10101100010111011100010111010 10100000000000001010000000000 1000101001010110010100110111010 133
a 10101100010111011110010111010 10100000000000000010000000000 1000101001010010010100110111010 133
a 10101100010111110100011111010 10101000000000100001000000000 1000101011001010010010110111010 102
a 10101100010111110101001011010 1000000010000000010000000 1000101001010110010101110111010 172
a 10101100010111110101011011010 1100000010000000010100000 1000101001010111010101110111010 172
a 10101100010111110101011111010 10001100000000000001000100000 1000101011001010010010110101010 102
a 11000100010111001100001111010 1010000000000000010000000000 1000101001010011010101110111010 102
a 11000100010111001110001111010 1010010000000000010010000000 1000101001010111010101110111010 102
a 11000100010111001110010111010 10000000010000001000000 1000101001010101110101110011010 14
a 11000100010111001110011111010 1000000000000000000011000000 1000101001010111010100110111010 102
a 11000100010111011110010111010 1001010000000010000000000000 1000101001000101110101110011010 14
a 11000110010110001010010111010 10011000001001000000000000000 1000101001010111010101110111010 14
a 11000110010111001010000111010 10000000000000100010000000 1000101011001010011010110101010 133
a 11000110010111001010010111010 11000000001000100010000000 1000101011001010010010110101010 133
a 11000110010111001110000111010 100011000000 1000101011001010011010110111010 133
a 11000110010111001110001111010 10010000000000000001000000 101001010111010101110111010 102
a 11000110010111001110010111010 1010000000010100010000000 1000101011001010010010110111010 133
a 11000110010111011110010111010 1010000000010000000000000 1000101011001010010110110111010 133
a 11000110011110001010010110010 10001000000000000000001000 1000101001010101110101110011010 326
a 11000110011110001010010111010 10000000001000000000000001000 1000101001010111010100110111010 14
a 11000111011010001010010110010 10010000000100000000000000000 1000101001000001110101110011010 326
a 11000111011110001010010110010 10010001000100000000000000000 1000101001000101110101110011010 326
a 11001100010111011110010111010 1001010000000000000000000000 1000101001000001110101110011010 14
a 11001110010110001010010111010 10001000000001000000000000000 1000101001010011010101110111010 14
a 11001110010111001010010111010 10001000000001010100000000000 1000101011001010010000110101010 133
a 11001110010111001110010111010 1000000000010100000000000 1000101011001010010000110111010 133
a 11001110010111011010010111010 10000000000000010100000000000 1000101011001010010100110101010 133
a 11001110010111011110010111010 11001010000000010100000000000 1000101011001010010100110111010 133
a 11010100010111001010001111010 100000010000000000100000000000 1000101011001010011010110101010 53
a 11010100010111001100001111010 101010000000000100010000000000 1000101011001010010000110101010 53
a 11010100010111001110001111010 100010010000000000110000000000 1000101011001010010010110101010 53
a 11010100010111101100001111010 101000000000000100000000000000 1000101011001010010100110101010 53
a 11010110010110001010000110010 1001000000010000000 1000101011001010011010110101010 277
a 11010110010110001010010110010 1000000000010001000 1000101011001010011010110111010 277
a 11010110010110001010010111010 10000000001000000000001000 101001010111010101110111010 14
a 11010110010111001010000110010 1001000000001001000 1001101011001010011010110101010 277
a 11010110010111001010000111010 10000000000000000011001000 1001101011001010011010110101010 133
a 11010110010111001010001110000 100000000001000000000000000010 1000101011001010011010110101010 421
a 11010110010111001010001110010 100000000000000000000001001010 1001101011001010011010110101010 421
a 11010110010111001010001111010 10000000000100001001000 1001101011001010011010110101010 53
a 11010110010111001010010111010 10000000001000000010000000 1001101011001010010010110101010 133
a 11010110010111001110001111010 10010000000000100000000000 1001101011001010010010110101010 53
a 11010110011010001010000100000 100000001100100000000000010010 1000101001010010010101110111010 326
a 11010110011010001010000100010 1000000000000000010010 1000101011001010010001110101010 277
a 11010110011010001010000110000 100000000000010010 1000101001010011010101110111010 326
a 11010110011010001010000110010 1000100000000010010010 1000101011001010010000110101010 277
a 11010110011010001010010110010 1000100000000010000000 1000101011001010010000110111010 277
a 11010110011110001010000100000 100000000000100000000000010000 1000101001010110010101110111010 326
a 11010110011110001010000110000 100000000000101000000000010010 1000101001010111010101110111010 326
a 11010110011110001010000110010 1101000000010000010 1000101011001010010010110101010 277
a 11010110011110001010010110010 10001001100000000010000000 1000101011001010010010110111010 277
a 11010110011111001010000110000 1000000001000010 101001010111010101110111010 326
a 11010110011111001010000110010 1001000000000000010 1001101011001010010010110101010 277
a 11010110011111001010001110000 100000000001000000000001000000 1000101011001010011010110111010 421
a 11010110111010001010000100000 100000001100000000000000000000 1000101011010010010101110111010 326
a 11010111011010001010000100000 1100000000000010000010 1000101001000010010101110111010 326
a 11010111011010001010000100010 1000000000000010010010 1000101011001010010101110101010 277
a 11010111011010001010000110010 1000000000000010010000 1000101011001010010100110101010 277
a 11010111011010001010010100000 10000000100000000000010000010 1000101001000000010101110111010 326
a 11010111011010001010010100010 10000000000000000000010010010 1000101011001010010101110111010 277
a 11010111011010001010010110010 10010001000100000000010010000 1000101011001010010100110111010 277
a 11010111011110001010010110010 10001000100000000000000000 1000101011001010010110110111010 277
a 11010111101010001010000100000 1110000000010000000000000000000 1000101011001010010101110111010 326
a 11010111111010001010000100000 110000001110000000000010000000 1000101011000010010101110111010 326
a 11010111111010001010010100000 10000000100000000000010000000 1000101011000000010101110111010 326
a 100101000010101110101111011011 110000000000000000000000000100 1000101011001010010100110101010 112
a 100101000010101110101111011111 1110000000000000000000000000100 1000101011001010010101110101010 112
a 110000100010101110101001011010 110000000010000000000000000 1000101011000010010100110111010 172
a 110000100010111101100001011010 10000000000010000000100000 1000101011000000010101110101110 172
a 110000100010111101100001111010 100010000000000010000000100000 1000101001000000010101110111010 102
a 110000100010111110100001011010 100000000000000001001000000000 1000101011000000010101110111010 172
a 110000100010111110101001011010 100110000000010001001000000000 1000101011000010010101110111010 172
a 110000100010111111100001011010 100010000000000011001000100000 1000101011000000010101110111110 172
a 110000100010111111100001111010 100000000000000010000000100000 1000101011000000010101110111010 102
a 110000100010111111101001011010 10000000000001001000000000 1000101011000000010101110101110 102
a 110010100010101100101001011000 10011000000000011 1000101011001010010000110101010 172
a 110010100010101100101001011001 100000011000000000101 1000101011001010010010110101010 172
a 110010100010101100101001011010 10010000000000010 1000101011001010010100110101010 172
a 110010100010101100101001011101 100000010000000000100 1000101011001010011010110101010 172
a 110010100010101101101001011000 10001000000000001 1000101001010011010101110111010 53
a 110010100010101101101001011001 1000000100010001000000000001 1000101001010111010101110111010 53
a 110010100010101110101001011000 10000000000011 1000101011001010010000110111010 172
a 110010100010101110101001011001 100000000000010000000000111 1000101011001010010010110111010 172
a 110010100010101110101001011010 110000000010010000000000011 1000101011001010010100110111010 172
a 110010100010101110101001011011 100000000000000000000000011 1000101011001010010110110111010 172
a 110010100010101110101001011101 10000100000100 1000101011001010011010110111010 172
a 110010100010101110101101011101 100000100000000000100000000 101001010111010101110111010 112
a 110010100010111100101001011000 10001000000000010 1000101011001010010001110101010 172
a 110010100010111100101001011010 10011000000000010 1000101011001010010101110101010 172
a 110010100010111101100001011000 1000000000000000001000000010 1000101011010010010101110111010 53
a 110010100010111101100001011010 1010000000000010001000100010 1000101011000010010101110111010 53
a 110010100010111101100001111010 101010000000000000000000100000 1000101011001010010101110111010 53
a 110010100010111101101001011000 1000000000010001001000000011 1000101001010010010101110111010 53
a 110010100010111101101001011001 1000000000010000000000000001 1000101001010110010101110111010 53
a 110010100010111101101001011010 11001000000010 1000101001000010010101110111010 53
a 110010100010111110101001011010 10000000010011000000000000 1000101011001010010101110111010 172
a 110010100010111111100001011010 10000000000010001000000000 1000101011000000010101110111010 53
a 110010100010111111101001011010 10000000000011001000000000 1000101001000000010101110111010 53
a 110010100100001100101101000101 1001100000001100000000000000000 1000101011001010010000110101010 424
a 110010100100101100101101000101 1100000010100000000000010000 1000101011001010010010110101010 424
a 110010100100101100101101010101 100000010000000000000010000 1001101011001010010010110101010 424
a 110010100101001100101101000101 1001000000001000000000000000000 1000101011001010010100110101010 424
a 110010100110101100101001010101 1000000000000001000100001000 1001101011001010011010110101010 302
a 110010100110101100101001011001 100000001000000000100 1001101011001010010010110101010 172
a 110010100110101100101001011101 100000000000100001100 1001101011001010011010110101010 172
a 110010100110101100101101000101 1000000010000000000000010000 1000101011001010011010110101010 424
a 110010100110101100101101010101 10000000000100011000 1001101011001010011010110101010 424
a 110010100110101100101101011101 100000000000010000100001000 1001101011001010011010110101010 42
a 110010100110101101101001010001 1000000000000000000000001100 1000101011001010011010110111010 302
a 110010100110101101101001010101 1000000000000001000000000100 1000101011001010011010110101010 302
a 110010100110101101101001011001 100000001000000001000 101001010111010101110111010 53
a 110010100110101110101101011101 100000100000010000000000000 1001101011001010010010110101010 42
a 110100100010101110101001011010 100111000000010000000000000001 1000101011010010010100110111010 172
a 110100100010101110101001011011 10000000000000000100000001 1000101011010010010110110111010 172
a 110100100010101110101101011001 11000000000000000000000110 1000101001010110010100110111010 112
a 110100100010101110101101011011 1000000000000000100000010 1000101011010110010100110111010 112
a 110100100010101110101101011101 11000000000000000000000100 1000101001010110010101110111010 112
a 110100100010111110101001011010 100100000000010000000000000000 1000101011010010010101110111010 172
a 110101000000101110101101011101 1000000000110000000000000000010 1000101001000000010101110111010 112
a 110101000000101110101101011111 1000000000010000000000000000010 1000101011000000010101110111010 112
a 110101000010101110101101011011 100000000000000010000100 1000101011000010010100110111010 112
a 110101000010101110101101011101 100110000000000000000010 1000101001000010010101110111010 112
a 110101000010101110101101011111 1000000100010000000000010000110 1000101011000010010101110111010 112
a 110101000010101110101111011010 100000100000000000000000000001 1000101011001010010110110111010 112
a 110101000010101110101111011011 110000100000000000000010000101 1000101011001010010100110111010 112
a 110101000010101110101111011111 1010000000000000000000010000100 1000101011001010010101110111010 112
a 110101000100101110101101011101 1000010000110000000000000000000 1000101011001010010101110111010 42
a 110101000110101110101101011101 10100110000000000000000000 1000101011001010010101110101010 42
a 110101100010101110101001011010 100001000000000000000100000000 1000101011010110010100110111010 172
a 110101100010101110101101011001 1000000000000000000000110 1000101001010010010100110111010 112
a 110101100010101110101101011010 110000001 1000101011010010010110110111010 112
a 110101100010101110101101011011 1100000000000000010000111 1000101011010010010100110111010 112
a 110101100010101110101101011101 11100100000000000000000110 1000101001010010010101110111010 112
a 110101100010101110101101011111 100000000000000000000110 1000101011010010010101110111010 112
a 110101100010101110101111011010 100000100000000000000010000001 1000101001000101110101110011010 161
a 110101100010101110101111011011 100000000000000010000001 1000101001000001110101110011010 161
a 110101100110101110101101011101 10100100000000000000000000 1000101011001010010001110101010 42
a 110110000100101110101101001101 1000001100000000000000000010000 1000101001000101110101110011010 112
a 110110000100101110101101011101 1100000000000000000010000 1000101011001010010110110111010 42
a 110110100010101110101001011001 100000000000000000100000010 1000101001010101110101110011010 53
a 110110100010101110101001011010 110000000000000000000000001 1000101001000001110101110011010 53
a 110110100010101110101001011011 110000000000000000000000011 1000101001000101110101110011010 53
a 110110100010101110101101011001 10000000000000000100000100 1000101001010111010100110111010 112
a 110110100010101110101101011101 111000100000000000000000100 1000101001010111010101110111010 112
a 110110100100001100101101000101 1000100000000100000000000000000 1000101001010011010101110111010 305
a 110110100100101100101101000101 1000100000000100010000000010000 1000101001010111010101110111010 305
a 110110100100101100101101010101 100000000000000000000011000 101001010111010101110111010 305
a 110110100100101100101101011101 10000010000000001000 1000101011001010011010110111010 42
a 110110100100101110101101000101 1000000000000000010000000001000 1000101001010111010100110111010 305
a 110110100100101110101101001101 100000000000000000011000 1000101001010101110101110011010 112
a 110110100100101110101101011101 1100010000010000000010000 1000101011001010010010110111010 42
a 110110100110101100101101011101 100000010000010000000000000 1000101011001010011010110101010 42
a 110110100110101110101101011101 101000110000010000000000000 1000101011001010010010110101010 42
a 110111000100101110101101001101 1000001000000000000000000010000 1000101001000001110101110011010 112
a 110111000100101110101101011101 1000011100010000000000000010000 1000101011001010010100110111010 42
a 110111000110101110101101011101 10100010000000000000000000 1000101011001010010100110101010 42
a 110111100010101110101101011101 11000100000000000000000000 1000101001010011010101110111010 112
a 110111100100101110101101011101 1100010000000000000000000 1000101011001010010000110111010 42
a 110111100110101110101101011101 11100110000000000000000000 1000101011001010010000110101010 42
a 111010100010101101100001010001 100010000011000000000 1000101001000101110101110011010 372
a 111010100010101101101001010001 100000000001000001000 1000101001010101110101110011010 372
a 111010100010101101101001011001 1000000000010000000000001000 1000101001010111010100110111010 53
a 111010100010101101110001010001 100010000010000000000 1000101001000001110101110011010 372
a 111010100010111001010001010000 100000100001 1000101001010110010101110111010 302
a 111010100010111001010001010001 10100000100100000100001 1000101001010010010101110111010 302
a 111010100010111001010001110000 10000000000100000100011 1000101001010111010101110111010 302
a 111010100010111001010001110001 10000000000000000100001 1000101001010011010101110111010 302
a 111010100010111001010001110010 10000000000000000001010 101001010111010101110111010 302
a 111010100010111001010001111010 100000000000000000100000001000 1000101011001010011010110111010 53
a 111010100010111001100001111010 100000000000000100010000000000 1000101011001010010000110111010 53
a 111010100010111001110001010000 100100000100001 1000101001010110010100110111010 302
a 111010100010111001110001010001 100100000000001 1000101001010010010100110111010 302
a 111010100010111001110001110000 100000101000 1000101001010111010100110111010 302
a 111010100010111001110001111000 100000000001010 1000101001010101110101110011010 102
a 111010100010111001110001111010 100000000000000100110000000010 1000101011001010010010110111010 53
a 111010100010111101010001010001 100000100100000000000 1000101011010010010101110111010 302
a 111010100010111101100001010001 10000010000001000 1000101011010010010110110111010 302
a 111010100010111101100001011000 1000000000000000011000100011 1000101011010010010100110111010 53
a 111010100010111101100001011001 1000001001 1000101011010110010100110111010 53
a 111010100010111101100001011010 1000000000000000000000100010 1000101011000010010100110111010 53
a 111010100010111101100001111000 10000100010 1000101001000001110101110011010 102
a 111010100010111101100001111010 101000000000000100010000100010 1000101011001010010100110111010 53
a 111010100010111101101001011000 1000000000000000001000000001 1000101001010010010100110111010 53
a 111010100010111101101001011001 1000000000010000001000000001 1000101001010110010100110111010 53
a 111010100010111101110001010000 100000000001001 1000101011010110010100110111010 302
a 111010100010111101110001010001 100010100110000000001 1000101011010010010100110111010 302
a 111010100010111101110001011000 10000101000 1000101011010010010110110111010 53
a 111010100010111101110001111000 100010000100010 1000101001000101110101110011010 102
a 111010100010111101110001111010 100010000000010 1000101011001010010110110111010 53
a 111010100100001100101101000101 1000000001100000000000000000 1000101011001010010000110111010 424
a 111010100100101100101101000101 1000000011100001000000000000 1000101011001010010010110111010 424
a 111010100100101101001001000101 11000000110000000000 1000101001010110010100110111010 372
a 111010100100101101011001000101 11000000010000000000 1000101001010010010100110111010 372
a 111010100100101101101001000101 10000000100100000000 1000101001010111010100110111010 372
a 111010100100101101101101000101 1000001000100000000 1000101001010101110101110011010 305
a 111010100101000101001101000101 1000000000000001000010000000000 1000101001010010010100110111010 424
a 111010100101000101011101000101 1000000010000001000010000000000 1000101001010110010100110111010 424
a 111010100101001100001101000101 1000000000000000001100000000000 1000101011000010010100110111010 424
a 111010100101001100101101000101 1001000000001100001100000000000 1000101011001010010100110111010 424
a 111010100101001101001101000101 1000000000000101001110000000000 1000101011010010010100110111010 424
a 111010100101001101011001000101 10000100000000100000000 1000101011010010010110110111010 372
a 111010100101001101011101000101 1000010100000000 1000101011010110010100110111010 424
a 111010100101001101101101000101 100001100000000000 1000101001000001110101110011010 305
a 111010100101101100101101000101 1100001000000000000 1000101011001010010110110111010 424
a 111010100101101101001001000101 1000000010100000000 1000101011010110010100110111010 372
a 111010100101101101001101000101 100000100100000000 1000101011010010010110110111010 424
a 111010100101101101010001000101 10010000000001000000000 1000101011000010010100110111010 372
a 111010100101101101011001000101 10011100000011000000000 1000101011010010010100110111010 372
a 111010100101101101101101000101 1100001100000000000 1000101001000101110101110011010 305
a 111010100110101100101001000101 1000100010000 101001010111010101110111010 372
a 111010100110101100101001010101 1000000000000001000000010000 1001101011001010010010110101010 302
a 111010100110101100101101000101 1000000010000000000100000000 1000101011001010011010110111010 424
a 111010100110101101001001000101 10000000110000000000 1000101001010110010101110111010 372
a 111010100110101101010001000001 1010000000000010100 1000101001000000010101110111010 372
a 111010100110101101010001000101 1000000001000010100 1000101001000010010101110111010 372
a 111010100110101101010001010001 10000100000010100 1000101011001010010101110111010 302
a 111010100110101101010001010101 101000010100 1000101011001010010101110101010 302
a 111010100110101101011001000101 11000000111000010000 1000101001010010010101110111010 372
a 111010100110101101011001010101 101000010000 1000101011001010010001110101010 302
a 111010100110101101100001010001 100000000011000000000 1000101011001010010110110111010 302
a 111010100110101101101001000101 10000001110000010000 1000101001010111010101110111010 372
a 111010100110101101101001010001 1000000100000000011000000100 1000101011001010010010110111010 302
a 111010100110101101101001010101 1000000000000001010000010100 1000101011001010010010110101010 302
a 111010100110101101110001010001 100010000111000000100 1000101011001010010100110111010 302
a 111010100110101101110001010101 101000000100 1000101011001010010100110101010 302
a 111010100110101101111001000101 110000010000 1000101001010011010101110111010 372
a 111010100110101101111001010001 11000000100 1000101011001010010000110111010 302
a 111010100110101101111001010101 111000010100 1000101011001010010000110101010 302
a 111010100110111001010001010001 10101000100000000000000 1000101001000010010101110111010 302
a 111010100110111101010001000001 1010000000000010000 1000101011000000010101110101110 421
a 111010100110111101010001010001 101010100100000010000 1000101011000010010101110111010 302
a 111010100110111101110001010001 100010000100000000000 1000101011000010010100110111010 302
a 111010100111101101010001000001 1010000000000000100 1000101011000000010101110111010 372
a 111010100111101101010001000101 10011010000001000000100 1000101011000010010101110111010 372
a 111010100111101101011001000101 11000000001000000000 1000101011010010010101110111010 372
a 111010100111111001010001000001 10000000100000000010000 1000101011000000010101110101110 372
a 111010100111111001010001010001 10001000100000000010000 1000101001000000010101110111010 302
a 111010100111111101010001000001 10001010100000000010100 1000101011000000010101110111110 421
a 111010100111111101010001000101 10000010000000000000100 1000101011000000010101110101110 302
a 111010100111111101010001010001 1000100000000010000 1000101011000000010101110111010 302
a 111010110010111001010001010001 10100000000000000100000 1000101011001010010001110101010 421
a 111010110010111001010001110000 100000010001000000000000000011 1000101011001010010010110101010 421
a 111010110010111001010001110001 10101000000000000100001 1000101011001010010000110101010 421
a 111010110010111001010001110010 100000010000000000000000000010 1001101011001010010010110101010 421
a 111010110011010001010000100000 100000000100100000000000000000 1000101001010010010100110111010 326
a 111010110011110001010000100000 100000000100100000000000010000 1000101001010110010100110111010 326
a 111010110011110001010000110000 100000000000000000000001010000 1000101001010111010100110111010 326
a 111010110011110001010001110000 100001000000001000000 1000101001010101110101110011010 302
a 111010110011111001010001110000 100000000101001000000000000001 1000101011001010010010110111010 421
a 111010110011111001010001110001 101000000000000000001 1000101011001010010000110111010 421
a 111010110101000001010001000101 1000000001000110100000000000000 1000101011001010010010110101010 372
a 111010110101000101010001000101 1000000000000101100001000000000 1000101011001010010010110111010 372
a 111010110101000101011001000101 1000001100000000 1000101001010101110101110011010 421
a 111010110101000101011101000101 1000000010000000000000100000000 1000101001010111010100110111010 424
a 111010110101001101010001000101 101000001000000000 1000101011001010010110110111010 372
a 111010110101001101011001000101 10000101000001000000000 1000101001000101110101110011010 421
a 111010110101010001010000100000 1010000000000000000001 1000101001000001110101110011010 396
a 111010110101010001010000100001 1010000000000000000101 1000101001000101110101110011010 396
a 111010110101010001010000100101 1000000000000001000100 1000101001010101110101110011010 396
a 111010110101010001010001000101 1010110000000000100000 1000101001010111010101110111010 421
a 111010110101010001010001100101 10000000000001100000 1000101001010111010100110111010 421
a 111010110101100001010001000101 10111100000000000000 1000101011001010010000110101010 372
a 111010110101100101010001000101 101100000000000000 1000101011001010010000110111010 372
a 111010110101101001010001000101 10001100000000000000 1000101011001010010100110101010 372
a 111010110101101101010001000101 10010101100001000000000 1000101011001010010100110111010 372
a 111010110101101101011001000101 10000100000001000000000 1000101001000001110101110011010 421
a 111010110101110001010001000101 10110000000000000000 1000101001010011010101110111010 421
a 111010110110111001010001010001 10101000000000000100000 1000101011001010010101110101010 421
a 111010110110111001010001110001 101000000000000100000 1000101011001010010100110101010 421
a 111010110111010001010000100000 100000001110100000000000000001 1000101011010010010100110111010 326
a 111010110111010001010000100001 10000000000001000001 1000101011010010010110110111010 326
a 111010110111010001010001000101 10100000000000100000 1000101001010110010101110111010 421
a 111010110111010001010001100001 100000000001000100 1000101011010110010100110111010 421
a 111010110111010001010001100101 10100000000000100100 1000101001010110010100110111010 421
a 111010110111100001010001000101 10011000000000000000 1000101011001010010001110101010 372
a 111010110111101001010001000101 10011100000000000000 1000101011001010010101110101010 372
a 111010110111101101010001000101 10010010100000000000000 1000101011001010010101110111010 372
a 111010110111110001010000100000 100100000000001000000 1000101011010110010100110111010 326
a 111010110111110001010001000001 1000000000100100 1000101011010010010101110111010 421
a 111010110111110001010001000101 10111000000000100100 1000101001010010010101110111010 421
a 111010110111110001010001100000 1010001 1000101011010010010110110111010 421
a 111010110111110001010001100001 101000000000110101 1000101011010010010100110111010 421
a 111010110111110001010001100101 100000000000100100 1000101001010010010100110111010 421
a 111010110111110001010001110000 100001000000000010001 1000101001000101110101110011010 302
a 111010110111110001010001110001 1000000000010001 1000101001000001110101110011010 302
a 111010110111111001010001000001 10000001100000000110100 1000101011000010010101110111010 421
a 111010110111111001010001000101 11100000000000100 1000101001000010010101110111010 421
a 111010110111111001010001010001 10001000000000000110000 1000101011001010010101110111010 421
a 111010110111111001010001100001 1000000000110000 1000101011000010010100110111010 421
a 111010110111111001010001110000 100001000000000000001 1000101011001010010110110111010 421
a 111010110111111001010001110001 101001000000000110001 1000101011001010010100110111010 421
a 111010110111111101010001000001 10000000100000000000100 1000101011000000010101110111010 421
a 111010110111111101010001000101 10000010100000000000100 1000101001000000010101110111010 421
a 111010111101000001010001000101 1000000001000010000000000000000 1001101011001010010010110101010 372
a 111010111101010001010000000101 1000000000000000000000001100000 1000101011001010011010110111010 326
a 111010111101010001010000100000 1100000001010000000000000000101 1000101011001010010100110111010 326
a 111010111101010001010000100001 1000000000000000000101 1000101011001010010110110111010 326
a 111010111101010001010000100100 1000000000000000000000000000101 1000101011001010010000110111010 326
a 111010111101010001010000100101 1000000001000000000000000100101 1000101011001010010010110111010 326
a 111010111101010001010001000101 1000010000000001000000 101001010111010101110111010 421
a 111010111111010001010000100000 100000001010000000000000000000 1000101011000010010100110111010 326
a 1000101000000101110101111011111 100000001010000000000000000000 1000101011010010010101110111010 161
a 1000101000010101110101110111010 1000010000000001000000 1000101011001010011010110111010 66
a 1000101000010101110101111011010 1000000001000000000000000100101 1000101001010111010101110111010 161
a 1000101000010101110101111011011 1000000000000000000000000000101 1000101001010011010101110111010 161
a 1000101000010101110101111011110 1000000000000000000101 1000101001010110010101110111010 161
a 1000101000010101110101111011111 1100000001010000000000000000101 1000101001010010010101110111010 161
a 1000101000010101110101111111010 1000000000000000000000001100000 101001010111010101110111010 161
a 1000101000010111110101110111010 1000000001000010000000000000000 1000101011001010011010110101010 66
a 1000101001000000010101110111010 10000010100000000000100 1000101001000000010101110111010 136
a 1000101001000000010101110111110 10000000100000000000100 1000101011000000010101110101110 17
a 1000101001000000110101110001110 101001000000000110001 1000101001010010010101110111010 66
a 1000101001000000110101110001111 100001000000000000001 1000101001010110010101110111010 66
a 1000101001000000110101110011110 1000000000110000 1000101011010010010101110111010 66
a 1000101001000000110101110101110 10001000000000000110000 1000101001000010010101110111010 66
a 1000101001000000110101110111010 11100000000000100 1000101011001010010101110111010 66
a 1000101001000000110101110111110 10000001100000000110100 1000101011000010010101110111010 66
a 1000101001000001110101110001110 1000000000010001 1000101001010010010100110111010 66
a 1000101001000001110101110001111 100001000000000010001 1000101001010110010100110111010 66
a 1000101001000001110101110011010 100000000000100100 1000101001000001110101110011010 136
a 1000101001000001110101110011110 101000000000110101 1000101011010010010100110111010 66
a 1000101001000001110101110011111 1010001 1000101011010110010100110111010 66
a 1000101001000001110101110111010 10111000000000100100 1000101011001010010100110111010 66
a 1000101001000001110101110111110 1000000000100100 1000101011000010010100110111010 66
a 1000101001000001110101111011111 100100000000001000000 1000101011010010010110110111010 161
a 1000101001000010010101110111010 10010010100000000000000 1000101001000010010101110111010 136
a 1000101001000010110101110111010 10011100000000000000 1000101011001010010101110101010 66
a 1000101001000011110101110111010 10011000000000000000 1000101011001010010100110101010 66
a 1000101001000101110101110011010 10100000000000100100 1000101001000101110101110011010 136
a 1000101001000101110101110011110 100000000001000100 1000101011010010010110110111010 66
a 1000101001000101110101110111010 10100000000000100000 1000101011001010010110110111010 66
a 1000101001000101110101111011110 10000000000001000001 1000101011010110010100110111010 161
a 1000101001000101110101111011111 100000001110100000000000000001 1000101011010010010100110111010 161
a 1000101001001000110101110001110 101000000000000100000 1000101011001010010001110101010 17
a 1000101001001000110101110101110 10101000000000000100000 1000101011001010010101110101010 17
a 1000101001010001110101110111010 10110000000000000000 1000101011001010010000110111010 66
a 1000101001010010010100110111010 10000100000001000000000 1000101001010010010100110111010 136
a 1000101001010010010101110111010 10010101100001000000000 1000101001010010010101110111010 136
a 1000101001010010110101110111010 10001100000000000000 1000101011001010010001110101010 66
a 1000101001010011010101110111010 101100000000000000 1000101001010011010101110111010 136
a 1000101001010011110101110111010 10111100000000000000 1000101011001010010000110101010 66
a 1000101001010101110101110011010 10000000000001100000 1000101001010101110101110011010 136
a 1000101001010101110101110111010 1010110000000000100000 1000101011001010010010110111010 66
a 1000101001010101110101111011010 1000000000000001000100 1000101001010111010100110111010 161
a 1000101001010101110101111011110 1010000000000000000101 1000101001010110010100110111010 161
a 1000101001010101110101111011111 1010000000000000000001 1000101001010010010100110111010 161
a 1000101001010110010100110111010 10000101000001000000000 1000101001010110010100110111010 136
a 1000101001010110010101110111010 101000001000000000 1000101001010110010101110111010 136
a 1000101001010111010100010111010 1000000010000000000000100000000 1000101001010101110101110011010 133
a 1000101001010111010100110111010 1000001100000000 1000101001010111010100110111010 136
a 1000101001010111010101110111010 1000000000000101100001000000000 1000101001010111010101110111010 136
a 1000101001010111110101110111010 1000000001000110100000000000000 1000101011001010010010110101010 66
a 1000101001100000110101110001110 101000000000000000001 1000101001010011010101110111010 66
a 1000101001100000110101110001111 100000000101001000000000000001 1000101001010111010101110111010 66
a 1000101001100001110101110001111 100001000000001000000 1000101001010111010100110111010 66
a 1000101001100001110101111001111 100000000000000000000001010000 1000101001010101110101110011010 42
a 1000101001100001110101111011111 100000000100100000000000010000 1000101001000101110101110011010 42
a 1000101001100101110101111011111 100000000100100000000000000000 1000101001000001110101110011010 42
a 1000101001101000110101110001101 100000010000000000000000000010 1000101011001010011010110101010 17
a 1000101001101000110101110001110 10101000000000000100001 1000101011001010010000110101010 17
a 1000101001101000110101110001111 100000010001000000000000000011 1000101011001010010010110101010 17
a 1000101001101000110101110101110 10100000000000000100000 1000101011001010010100110101010 17
a 1000101011000000010101110101110 1000100000000010000 1000101011000000010101110101110 136
a 1000101011000000010101110111010 10000010000000000000100 1000101011000000010101110111010 136
a 1000101011000000010101110111110 10001010100000000010100 1000101011000000010101110111110 136
a 1000101011000000110101110101110 10001000100000000010000 1000101001000000010101110111010 66
a 1000101011000000110101110111110 10000000100000000010000 1000101011000000010101110111010 66
a 1000101011000010010100110111010 11000000001000000000 1000101011000010010100110111010 136
a 1000101011000010010101110111010 10011010000001000000100 1000101011000010010101110111010 136
a 1000101011000010010101110111110 1010000000000000100 1000101011000000010101110101110 66
a 1000101011001000010001110101110 100010000100000000000 1000101011010010010101110111010 17
a 1000101011001000010101110101110 101010100100000010000 1000101011000010010101110111010 17
a 1000101011001000010101110111110 1010000000000010000 1000101011000000010101110111010 17
a 1000101011001000110101110101110 10101000100000000000000 1000101011001010010101110111010 17
a 1000101011001010010000110101010 111000010100 1000101011001010010000110101010 136
a 1000101011001010010000110101110 11000000100 1000101001010011010101110111010 17
a 1000101011001010010000110111010 110000010000 1000101011001010010000110111010 136
a 1000101011001010010001110101010 101000000100 1000101011001010010001110101010 136
a 1000101011001010010001110101110 100010000111000000100 1000101001010010010101110111010 17
a 1000101011001010010010110101010 1000000000000001010000010100 1000101011001010010010110101010 136
a 1000101011001010010010110101110 1000000100000000011000000100 1000101001010111010101110111010 17
a 1000101011001010010010110111010 10000001110000010000 1000101011001010010010110111010 136
a 1000101011001010010011110101110 100000000011000000000 1000101001010110010101110111010 17
a 1000101011001010010100110101010 101000010000 1000101011001010010100110101010 136
a 1000101011001010010100110111010 11000000111000010000 1000101011001010010100110111010 136
a 1000101011001010010101110101010 101000010100 1000101011001010010101110101010 136
a 1000101011001010010101110101110 10000100000010100 1000101001000010010101110111010 17
a 1000101011001010010101110111010 1000000001000010100 1000101011001010010101110111010 136
a 1000101011001010010101110111110 1010000000000010100 1000101001000000010101110111010 17
a 1000101011001010010110110111010 10000000110000000000 1000101011001010010110110111010 136
a 1000101011001010011010010111010 1000000010000000000100000000 101001010111010101110111010 84
a 1000101011001010011010110101010 1000000000000001000000010000 1000101011001010011010110101010 136
a 1000101011001010011010110111010 1000100010000 1000101011001010011010110111010 136
a 1000101011010010010010010111010 1100001100000000000 1000101001010110010100110111010 84
a 1000101011010010010100110111010 10011100000011000000000 1000101011010010010100110111010 136
a 1000101011010010010101110111010 10010000000001000000000 1000101011010010010101110111010 136
a 1000101011010010010110010111010 100000100100000000 1000101011010110010100110111010 84
a 1000101011010010010110110111010 1000000010100000000 1000101011010010010110110111010 136
a 1000101011010010011010010111010 1100001000000000000 1000101001010110010101110111010 84
a 1000101011010110010010010111010 100001100000000000 1000101001010010010100110111010 84
a 1000101011010110010100010111010 1000010100000000 1000101011010010010110110111010 84
a 1000101011010110010100110111010 10000100000000100000000 1000101011010110010100110111010 136
a 1000101011010110010110010111010 1000000000000101001110000000000 1000101011010010010100110111010 84
a 1000101011010110011010010111010 1001000000001100001100000000000 1000101001010010010101110111010 84
a 1000101011010110011110010111010 1000000000000000001100000000000 1000101011010010010101110111010 84
a 1000101011010111010100010111010 1000000010000001000010000000000 1000101001000101110101110011010 133
a 1000101011010111010110010111010 1000000000000001000010000000000 1000101001000001110101110011010 133
a 1000101011011010010010010111010 1000001000100000000 1000101001010111010100110111010 84
a 1000101011011010010010110111010 10000000100100000000 1000101001010101110101110011010 17
a 1000101011011010010100110111010 11000000010000000000 1000101001000001110101110011010 17
a 1000101011011010010110110111010 11000000110000000000 1000101001000101110101110011010 17
a 1000101011011010011010010111010 1000000011100001000000000000 1000101001010111010101110111010 84
a 1000101011011110011010010111010 1000000001100000000000000000 1000101001010011010101110111010 84
a 1000101011101000010001110000101 100010000000010 1000101001010110010101110111010 266
a 1000101011101000010001110000111 100010000100010 1000101001010110010100110111010 266
a 1000101011101000010001110100111 10000101000 1000101011010110010100110111010 266
a 1000101011101000010001110101110 100010100110000000001 1000101011010010010100110111010 17
a 1000101011101000010001110101111 100000000001001 1000101011010010010110110111010 17
a 1000101011101000010010110100110 1000000000010000001000000001 1000101001000101110101110011010 336
a 1000101011101000010010110100111 1000000000000000001000000001 1000101001000001110101110011010 336
a 1000101011101000010011110000101 101000000000000100010000100010 1000101001010010010101110111010 266
a 1000101011101000010011110000111 10000100010 1000101001010010010100110111010 266
a 1000101011101000010011110100101 1000000000000000000000100010 1000101011010010010101110111010 266
a 1000101011101000010011110100110 1000001001 1000101011010010010110110111010 266
a 1000101011101000010011110100111 1000000000000000011000100011 1000101011010010010100110111010 266
a 1000101011101000010011110101110 10000010000001000 1000101011010110010100110111010 17
a 1000101011101000010101110101110 100000100100000000000 1000101011000010010100110111010 17
a 1000101011101000110001110000101 100000000000000100110000000010 1000101001010111010101110111010 266
a 1000101011101000110001110000111 100000000001010 1000101001010111010100110111010 266
a 1000101011101000110001110001111 100000101000 1000101001010101110101110011010 66
a 1000101011101000110001110101110 100100000000001 1000101001000001110101110011010 66
a 1000101011101000110001110101111 100100000100001 1000101001000101110101110011010 66
a 1000101011101000110011110000101 100000000000000100010000000000 1000101001010011010101110111010 266
a 1000101011101000110101110000101 100000000000000000100000001000 101001010111010101110111010 266
a 1000101011101000110101110001101 10000000000000000001010 1000101011001010011010110111010 17
a 1000101011101000110101110001110 10000000000000000100001 1000101011001010010000110111010 17
a 1000101011101000110101110001111 10000000000100000100011 1000101011001010010010110111010 17
a 1000101011101000110101110101110 10100000100100000100001 1000101011001010010100110111010 17
a 1000101011101000110101110101111 100000100001 1000101011001010010110110111010 17
a 1000101011101010010001110101110 100010000010000000000 1000101001010010010100110111010 17
a 1000101011101010010010110100110 1000000000010000000000001000 1000101001010101110101110011010 336
a 1000101011101010010010110101110 100000000001000001000 1000101001010111010100110111010 17
a 1000101011101010010011110101110 100010000011000000000 1000101001010110010100110111010 17
a 1001000011001010001010010100010 11100110000000000000000000 1000101011001010010000110101010 396
a 1001000011011010001010010100010 1100010000000000000000000 1000101001010011010101110111010 277
a 1001000011101010001010010100010 11000100000000000000000000 1000101011001010010000110111010 396
a 1001000111001010001010010100010 10100010000000000000000000 1000101011001010010001110101010 396
a 1001000111011010001010010100010 1000011100010000000000000010000 1000101001010010010101110111010 277
a 1001000111011010001010010110010 1000001000000000000000000010000 1000101001010010010100110111010 277
a 1001001011001010001010010100010 101000110000010000000000000 1000101011001010010010110101010 396
a 1001001011001010011010010100010 100000010000010000000000000 1001101011001010010010110101010 396
a 1001001011011010001010010100010 1100010000010000000010000 1000101001010111010101110111010 277
a 1001001011011010001010010110010 100000000000000000011000 1000101001010111010100110111010 277
a 1001001011011010001010010111010 1000000000000000010000000001000 1000101001010101110101110011010 84
a 1001001011011010011010010100010 10000010000000001000 101001010111010101110111010 277
a 1001001011011010011010010101010 100000000000000000000011000 1000101011001010011010110111010 14
a 1001001011011010011010010111010 1000100000000100010000000010000 1000101011001010010010110111010 14
a 1001001011011110011010010111010 1000100000000100000000000000000 1000101011001010010000110111010 14
a 1001001011101010001010010100010 111000100000000000000000100 1000101011001010010010110111010 396
a 1001001011101010001010010100110 10000000000000000100000100 1000101001010101110101110011010 277
a 1001001011101010001010110100100 110000000000000000000000011 1000101001010110010100110111010 336
a 1001001011101010001010110100101 110000000000000000000000001 1000101001010010010100110111010 336
a 1001001011101010001010110100110 100000000000000000100000010 1000101001010111010100110111010 336
a 1001001111011010001010010100010 1100000000000000000010000 1000101001010110010101110111010 277
a 1001001111011010001010010110010 1000001100000000000000000010000 1000101001010110010100110111010 277
a 1001010011001010001010010100010 10100100000000000000000000 1000101011001010010100110101010 396
a 1001010011101010001010000100100 100000000000000010000001 1000101001010010010100110111010 396
a 1001010011101010001010000100101 100000100000000000000010000001 1000101001010110010100110111010 396
a 1001010011101010001010010100000 100000000000000000000110 1000101011000010010100110111010 396
a 1001010011101010001010010100010 11100100000000000000000110 1000101011001010010100110111010 396
a 1001010011101010001010010100100 1100000000000000010000111 1000101011010010010100110111010 396
a 1001010011101010001010010100101 110000001 1000101011010110010100110111010 396
a 1001010011101010001010010100110 1000000000000000000000110 1000101001000001110101110011010 277
a 1001010011101010001010110100101 100001000000000000000100000000 1000101011010010010110110111010 336
a 1001010111001010001010010100010 10100110000000000000000000 1000101011001010010101110101010 396
a 1001010111011010001010010100010 1000010000110000000000000000000 1000101001000010010101110111010 277
a 1001010111101010001010000100000 1010000000000000000000010000100 1000101001000010010101110111010 396
a 1001010111101010001010000100100 110000100000000000000010000101 1000101001010010010101110111010 396
a 1001010111101010001010000100101 100000100000000000000000000001 1000101001010110010101110111010 396
a 1001010111101010001010010100000 1000000100010000000000010000110 1000101011000010010101110111010 396
a 1001010111101010001010010100010 100110000000000000000010 1000101011001010010101110111010 396
a 1001010111101010001010010100100 100000000000000010000100 1000101011010010010101110111010 396
a 1001010111111010001010010100000 1000000000010000000000000000010 1000101011000000010101110101110 326
a 1001010111111010001010010100010 1000000000110000000000000000010 1000101001000000010101110111010 277
a 1001011011101000001010110100101 100100000000010000000000000000 1000101011000010010100110111010 336
a 1001011011101010001010010100010 11000000000000000000000100 1000101011001010010110110111010 396
a 1001011011101010001010010100100 1000000000000000100000010 1000101011010010010110110111010 396
a 1001011011101010001010010100110 11000000000000000000000110 1000101001000101110101110011010 277
a 1001011011101010001010110100100 10000000000000000100000001 1000101011010110010100110111010 336
a 1001011011101010001010110100101 100111000000010000000000000001 1000101011010010010100110111010 336
a 1001101011001010001010010100010 100000100000010000000000000 1000101011001010011010110101010 396
a 1001101011001010010010110100110 100000001000000001000 1000101011001010011010110111010 266
a 1001101011001010010010110101010 1000000000000001000000000100 1001101011001010010010110101010 136
a 1001101011001010010010110101110 1000000000000000000000001100 101001010111010101110111010 17
a 1001101011001010011010010100010 100000000000010000100001000 1001101011001010011010110101010 396
a 1001101011001010011010010101010 10000000000100011000 1001101011001010011010110101010 14
a 1001101011001010011010010111010 1000000010000000000000010000 1001101011001010010010110101010 14
a 1001101011001010011010110100010 100000000000100001100 1001101011001010011010110101010 266
a 1001101011001010011010110100110 100000001000000000100 1000101011001010011010110101010 266
a 1001101011001010011010110101010 1000000000000001000100001000 1001101011001010011010110101010 136
a 1001101011010110011010010111010 1001000000001000000000000000000 1000101011001010010001110101010 14
a 1001101011011010011010010101010 100000010000000000000010000 1000101011001010011010110101010 14
a 1001101011011010011010010111010 1100000010100000000000010000 1000101011001010010010110101010 14
a 1001101011011110011010010111010 1001100000001100000000000000000 1000101011001010010000110101010 14
a 1001101011101000000010110100101 10000000000011001000000000 1000101001000000010101110111010 336
a 1001101011101000000011110100101 10000000000010001000000000 1000101011000000010101110101110 385
a 1001101011101000001010110100101 10000000010011000000000000 1000101001000010010101110111010 336
a 1001101011101000010010110100101 11001000000010 1000101011001010010101110111010 266
a 1001101011101000010010110100110 1000000000010000000000000001 1000101011001010010110110111010 266
a 1001101011101000010010110100111 1000000000010001001000000011 1000101011001010010100110111010 266
a 1001101011101000010011110000101 101010000000000000000000100000 1000101001000010010101110111010 266
a 1001101011101000010011110100101 1010000000000010001000100010 1000101011000010010101110111010 266
a 1001101011101000010011110100111 1000000000000000001000000010 1000101011000010010100110111010 266
a 1001101011101000011010110100101 10011000000000010 1000101011001010010101110101010 266
a 1001101011101000011010110100111 10001000000000010 1000101011001010010100110101010 266
a 1001101011101010001010010100010 100000100000000000100000000 1000101011001010011010110111010 396
a 1001101011101010001010110100010 10000100000100 101001010111010101110111010 336
a 1001101011101010001010110100100 100000000000000000000000011 1000101001010110010101110111010 336
a 1001101011101010001010110100101 110000000010010000000000011 1000101001010010010101110111010 336
a 1001101011101010001010110100110 100000000000010000000000111 1000101001010111010101110111010 336
a 1001101011101010001010110100111 10000000000011 1000101001010011010101110111010 336
a 1001101011101010010010110100110 1000000100010001000000000001 1000101011001010010010110111010 266
a 1001101011101010010010110100111 10001000000000001 1000101011001010010000110111010 266
a 1001101011101010011010110100010 100000010000000000100 1001101011001010010010110101010 266
a 1001101011101010011010110100101 10010000000000010 1000101011001010010001110101010 266
a 1001101011101010011010110100110 100000011000000000101 1000101011001010010010110101010 266
a 1001101011101010011010110100111 10011000000000011 1000101011001010010000110101010 266
a 1001111011101000000010110100101 10000000000001001000000000 1000101011000000010101110111010 336
a 1001111011101000000011110000101 100000000000000010000000100000 1000101011000000010101110101110 336
a 1001111011101000000011110100101 100010000000000011001000100000 1000101011000000010101110111110 336
a 1001111011101000001010110100101 100110000000010001001000000000 1000101011000010010101110111010 336
a 1001111011101000001011110100101 100000000000000001001000000000 1000101011000000010101110101110 266
a 1001111011101000010011110000101 100010000000000010000000100000 1000101001000000010101110111010 266
a 1001111011101000010011110100101 10000000000010000000100000 1000101011000000010101110111010 266
a 1001111011101010001010110100101 110000000010000000000000000 1000101011010010010101110111010 336
a 1011010111101010001010000100000 1110000000000000000000000000100 1000101011001010010101110101010 326
a 1011010111101010001010000100100 110000000000000000000000000100 1000101011001010010001110101010 326
a 1100101000000101110101101011111 10000000100000000000010000000 1000101011000000010101110101110 112
a 1100101000000101110101111011111 110000001110000000000010000000 1000101011000010010101110111010 161
a 1100101000010101110101111011111 1110000000010000000000000000000 1000101001000010010101110111010 161
a 1100101000100001110101101001101 10001000100000000000000000 1000101001010110010101110111010 42
a 1100101000100101110101101001101 10010001000100000000010010000 1000101001010010010101110111010 42
a 1100101000100101110101101011101 10000000000000000000010010010 1000101001000010010101110111010 42
a 1100101000100101110101101011111 10000000100000000000010000010 1000101001000000010101110111010 42
a 1100101000100101110101111001101 1000000000000010010000 1000101011001010010001110101010 161
a 1100101000100101110101111011101 1000000000000010010010 1000101011001010010101110101010 161
a 1100101000100101110101111011111 1100000000000010000010 1000101011001010010101110111010 161
a 1100101001000101110101111011111 100000001100000000000000000000 1000101011000010010100110111010 161
a 1100101001100000110101110001111 100000000001000000000001000000 101001010111010101110111010 66
a 1100101001100000110101111001101 1001000000000000010 1000101011001010011010110101010 161
a 1100101001100000110101111001111 1000000001000010 1000101011001010011010110111010 161
a 1100101001100001110101101001101 10001001100000000010000000 1000101001010111010101110111010 42
a 1100101001100001110101111001101 1101000000010000010 1000101011001010010010110101010 161
a 1100101001100001110101111001111 100000000000101000000000010010 1000101011001010010010110111010 161
a 1100101001100001110101111011111 100000000000100000000000010000 1000101011001010010110110111010 161
a 1100101001100101110101101001101 1000100000000010000000 1000101001010011010101110111010 42
a 1100101001100101110101111001101 1000100000000010010010 1000101011001010010000110101010 161
a 1100101001100101110101111001111 100000000000010010 1000101011001010010000110111010 161
a 1100101001100101110101111011101 1000000000000000010010 1000101011001010010100110101010 161
a 1100101001100101110101111011111 100000001100100000000000010010 1000101011001010010100110111010 161
a 1100101001101000110001110000101 10010000000000100000000000 1000101011001010011010110101010 385
a 1100101001101000110101101000101 10000000001000000010000000 1000101011001010011010110101010 305
a 1100101001101000110101110000101 10000000000100001001000 1001101011001010011010110101010 385
a 1100101001101000110101110001101 100000000000000000000001001010 1001101011001010011010110101010 17
a 1100101001101000110101110001111 100000000001000000000000000010 1001101011001010010010110101010 17
a 1100101001101000110101111000101 10000000000000000011001000 1001101011001010011010110101010 305
a 1100101001101000110101111001101 1001000000001001000 1001101011001010011010110101010 161
a 1100101001101001110101101000101 10000000001000000000001000 1000101011001010011010110111010 305
a 1100101001101001110101101001101 1000000000010001000 101001010111010101110111010 42
a 1100101001101001110101111001101 1001000000010000000 1001101011001010010010110101010 161
a 1100101011101000010011110000101 101000000000000100000000000000 1000101011001010010001110101010 385
a 1100101011101000110001110000101 100010010000000000110000000000 1000101011001010010010110101010 385
a 1100101011101000110011110000101 101010000000000100010000000000 1000101011001010010000110101010 385
a 1100101011101000110101110000101 100000010000000000100000000000 1001101011001010010010110101010 385
a 1100110001101000100001101000101 11001010000000010100000000000 1000101001010010010101110111010 354
a 1100110001101000100101101000101 10000000000000010100000000000 1000101011001010010001110101010 305
a 1100110001101000110001101000101 1000000000010100000000000 1000101001010011010101110111010 354
a 1100110001101000110101101000101 10001000000001010100000000000 1000101011001010010000110101010 305
a 1100110001101001110101101000101 10001000000001000000000000000 1000101011001010010000110111010 305
a 1100110011101000100001101000101 1001010000000000000000000000 1000101001010010010100110111010 354
a 1100111000100001110101101001101 10010001000100000000000000000 1000101001010110010100110111010 42
a 1100111000100101110101101001101 10010000000100000000000000000 1000101001010010010100110111010 42
a 1100111001100001110101101000101 10000000001000000000000001000 1000101001010101110101110011010 354
a 1100111001100001110101101001101 10001000000000000000001000 1000101001010111010100110111010 42
a 1100111001101000100001101000101 1010000000010000000000000 1000101001010110010101110111010 354
a 1100111001101000110001101000101 1010000000010100010000000 1000101001010111010101110111010 354
a 1100111001101000110001110000101 10010000000000000001000000 1000101011001010011010110111010 385
a 1100111001101000110001111000101 100011000000 101001010111010101110111010 354
a 1100111001101000110101101000101 11000000001000100010000000 1000101011001010010010110101010 305
a 1100111001101000110101111000101 10000000000000100010000000 1001101011001010010010110101010 305
a 1100111001101001110101101000101 10011000001001000000000000000 1000101011001010010010110111010 305
a 1100111011101000100001101000101 1001010000000010000000000000 1000101001010110010100110111010 354
a 1100111011101000110001100000101 1000000000000000000011000000 1000101001010101110101110011010 266
a 1100111011101000110001101000101 10000000010000001000000 1000101001010111010100110111010 354
a 1100111011101000110001110000101 1010010000000000010010000000 1000101011001010010010110111010 385
a 1100111011101000110011110000101 1010000000000000010000000000 1000101011001010010000110111010 385
a 1101010011101000001010100000101 10001100000000000001000100000 1000101011001010010010110101010 336
a 1101010011101000001010100100101 1100000010000000010100000 1000101011001010010010110111010 336
a 1101010011101000001010110100101 1000000010000000010000000 1000101011001010010110110111010 336
a 1101010011101000001011100000101 10101000000000100001000000000 1000101001010111010101110111010 385
a 1101010011101000100001101000101 10100000000000000010000000000 1000101001000001110101110011010 424
a 1101010011101000100011101000101 10100000000000001010000000000 1000101001000101110101110011010 424
a 1101010011101000101011100000101 100000000000100000001000000 1000101001010111010100110111010 385
a 1101010011101000101011101000101 10000000000000001000001000000 1000101001010101110101110011010 424
a 1101010011101010001010000100101 100000100000000000000100000000 1000101001010111010100110111010 396
a 1101010011101010001010100100101 10000000110000000 1000101001010101110101110011010 385
a 1101010011101010001010110100101 100001000000010000000010000000 1000101001000101110101110011010 385
a 1101010111101000001010000100101 10000000000010000000100000000 101001010111010101110111010 396
a 1101010111101000001010100000101 10000100000000000000000100000 1000101011001010011010110101010 336
a 1101010111101000001010100100101 100000000000000100100000 1000101011001010011010110111010 336
a 1101010111101010001010000100100 110000000000000000000000000001 1000101001010011010101110111010 396
a 1101010111101010001010000100101 110000100000010000000000000001 1000101001010111010101110111010 396
a 1101011011101000001010100000101 101000000000000001010100000 1000101011001010010000110101010 336
a 1101011011101000001010100100101 1000000000000000010100000 1000101011001010010000110111010 336
a 1101011011101000001010110000101 100000000000000000010100000 1000101011001010010100110101010 336
a 1101011011101000001010110100101 100101000000010000000010100000 1000101011001010010100110111010 336
a 1101011011101000001011100000101 101000000000000001000000000 1000101001010011010101110111010 385
a 1101011011101010001010110100101 100001000000010000000000000000 1000101001000001110101110011010 385
a 1101101011101000010011110000101 101010000000000100000000000000 1000101011001010010101110101010 385
a 1101101011101000110011110000101 1010000000000100000000000000 1000101011001010010100110101010 385
a 1101110001101000100001101000101 11000010000000000000000000000 1000101011010010010101110111010 354
a 1101110011101000001011100000101 101000000000100000000000000 1000101001010110010101110111010 385
a 1101110011101000100001101000101 11101010000000000010000000000 1000101011010010010100110111010 354
a 1101110011101000100011100000101 1000000000001000001000000 1000101011010110010100110111010 385
a 1101110011101000100011101000101 100000000000000010001000000 1000101011010010010110110111010 354
a 1101110011101000101011100000101 101000000000101000000000000 1000101001010110010100110111010 385
a 1101111011101000000011100000101 101000010000000 1000101011010010010101110111010 385
a 1101111011101000000011110000101 100000000000000111000010100000 1000101011000010010101110111010 385
a 1101111011101000000011110100101 100000000000000001000000100000 1000101011000000010101110111010 385
a 1101111011101000001010100000101 100000000000000001010000000 1000101011001010010001110101010 336
a 1101111011101000001010110000101 100000000000000001010100000 1000101011001010010101110101010 336
a 1101111011101000001010110100101 100100000000000000001000100000 1000101011001010010101110111010 336
a 1101111011101000001011100000101 101000000000101001010000000 1000101001010010010101110111010 385
a 1101111011101000001011110000101 1001010100000 1000101001000010010101110111010 385
a 1101111011101000001011110100101 100000000000000001001000100000 1000101001000000010101110111010 385
a 1101111011101000010011110000101 100010000000000110000000000000 1000101011001010010101110111010 385
a 1101111011101000100001100000101 10010001000000 1000101011010010010110110111010 385
a 1101111011101000100001101000101 1001000000000000000001000000 1000101011010110010100110111010 354
a 1101111011101000100011100000101 1000000000111010010000000 1000101011010010010100110111010 385
a 1101111011101000100011110000101 110000010000000 1000101011000010010100110111010 385
a 1101111011101000101011100000101 1000000000101000000000000 1000101001010010010100110111010 385
a 1101111011101000110001100000101 1000000000000010010010000000 1000101001000101110101110011010 266
a 1101111011101000110001110000101 1000000000000000010010000000 1000101011001010010110110111010 385
a 1101111011101000110011100000101 10010010000000 1000101001000001110101110011010 266
a 1101111011101000110011110000101 1010000000000110010010000000 1000101011001010010100110111010 385
a 1110010100100001100101101000101 1000100000001000000000000000000 1000101011001010010001110101010 424
a 1110010100101001100101101000101 1001100000001000000000000000000 1000101011001010010101110101010 424
a 1110101000000101110101101011101 1000000000100000000000000000010 1000101011000000010101110101110 161
a 1110101000000101110101101011111 1010000000110000000000010000010 1000101011000000010101110111110 112
a 1110101000000101110101111011111 10000000010000000000010000000 1000101011000000010101110111010 161
a 1110101000010101110101101011111 1000000000010000000000010000000 1000101011000000010101110101110 42
a 1110101000010101110101111011111 1010000000010000000000010000000 1000101001000000010101110111010 161
a 1110101000100101110101101001101 10010000000000000000000010000 1000101011010010010101110111010 42
a 1110101000100101110101101011101 1010010000100000000000000010010 1000101011000010010101110111010 42
a 1110101000100101110101101011111 10000000100000000000000000010 1000101011000000010101110111010 42
a 1110110000100001100101101000101 100001000010000000000000 1000101011010010010101110111010 305
a 1110110000100001110101101000101 1101001100010000000000000 1000101011010010010100110111010 305
a 1110110000100101110101101000101 100000100000000000001000 1000101011010110010100110111010 305
a 1110110000100101110101101001101 1000001000000000000000000001000 1000101011010010010110110111010 42
a 1110110000101001100001101000101 1000001000000000100000000000 1000101011000000010101110101110 424
a 1110110000101001100101101000101 1000101001000010100000000000 1000101011000010010101110111010 305
a 1110110000101001110101101000101 1001000010000000000000 1000101011000010010100110111010 305
a 1110110001100001110101101000101 1001001000000000000000000 1000101001000001110101110011010 354
a 1110110001101000100001101000101 11000000000001000100000000000 1000101001000010010101110111010 354
a 1110110001101000100101101000101 10000000000001010100000000000 1000101011001010010101110101010 305
a 1110110001101000110101101000101 10000000000001010000000000000 1000101011001010010100110101010 305
a 1110110001101001100001101000101 1000001000001000100000000000 1000101001000000010101110111010 354
a 1110110001101001100101101000101 1000001010100000000000 1000101011001010010101110111010 305
a 1110110001101001110101101000101 10001001001001010000000000000 1000101011001010010100110111010 305
a 1110110100100001100101101000101 1000100100001100010000000000000 1000101001010010010101110111010 305
a 1110110100100001110101101000101 100000100010000000000000 1000101001010010010100110111010 305
a 1110110100100101100101101000101 1000000000000100010000000000000 1000101001010110010101110111010 305
a 1110110100100101110101101000101 1000000100000100010000000000000 1000101001010110010100110111010 305
a 1110110100101001100101101000101 1100100001000000000000000000 1000101001000010010101110111010 305
a 1110111000100001110101101000101 1001000000000000000001000 1000101011010010010110110111010 305
a 1110111000100001110101101001101 10000000000100000000000001000 1000101011010110010100110111010 42
a 1110111000100101110101101001101 1010011000000100000000000010000 1000101011010010010100110111010 42
a 1110111000100101110101101011101 1000010000000000000000000010000 1000101011000010010100110111010 42
a 1110111001100001110101101000101 10001001001000000000000000000 1000101001000101110101110011010 354
a 1110111001101001110101101000101 10001000001000000000000000000 1000101011001010010110110111010 305
a 1111010000101000100001101000101 100101000001000000000000000 1000101001000000010101110111010 424
a 1111010000101001100001101000101 100100000001000000000000000 1000101011000000010101110111010 424
a 1111010001101000100001101000101 100111000000000000000000000 1000101011001010010101110111010 354
a 1111010011101000001010100000101 10000100000000000001000000000 1001101011001010010010110101010 336
a 1111010011101000001011100000101 10000000000000000001001000000 101001010111010101110111010 385
a 1111010011101000001011101000101 100000000100000001000000 1000101011001010011010110111010 354
a 1111010011101000100001101000101 10100110000000001010000000000 1000101011001010010100110111010 354
a 1111010011101000100011101000101 10000000000000001010000000000 1000101011001010010110110111010 354
a 1111010011101000101001101000101 100000000001010000000000 1000101011001010010000110111010 354
a 1111010011101000101011101000101 10000100000000101010000000000 1000101011001010010010110111010 354
a 1111010100101000100001101000101 101000001001000000000000 1000101001000010010101110111010 424
a 1111010100101000101001101000101 1000000011000001001010000000000 1000101001010010010101110111010 424
a 1111010100101000101011101000101 1000000010000000000010000000000 1000101001010110010101110111010 424
a 1111010100101001100001101000101 1000100100000001001100000000000 1000101011000010010101110111010 424
a 1111010100101001100101101000101 1001100000000000000100000000000 1000101011001010010101110111010 424
a 1111010100101001101001101000101 1000000000000001001000000000000 1000101011010010010101110111010 424
a 1111010101101000100001101000101 111000000001000000000000 1000101011001010010101110101010 354
a 1111010101101000101001101000101 11000000001000000000000 1000101011001010010001110101010 354
a 1111010110101000001010001000101 1000000001000000100000000000000 1000101011001010011010110101010 372
a 1111010110101000101001101000101 11000000000010000000000 1000101001010011010101110111010 424
a 1111010110101000101010001000101 1000000000000000100000100000000 1000101011001010011010110111010 372
a 1111010110101000101010101000101 1000000000001100000000 101001010111010101110111010 424
a 1111010110101000101011101000101 1000000011000000000011000000000 1000101001010111010101110111010 424
a 1111010111101000001010000000101 10000000101100000 1001101011001010011010110101010 326
a 1111010111101000001010000100101 10000000000010000000000100000 1001101011001010010010110101010 326
a 1111010111101000001010001000101 1000000001000000000000101000000 1001101011001010011010110101010 372
a 1111010111101000001010100000101 10000100000000000000101000000 1001101011001010011010110101010 336
a 1111010111101000001010101000101 100001101000000 1001101011001010011010110101010 354
a 1111010111101000001011101000101 100000000100001000000000 1000101011001010011010110101010 354
a 1111010111101000100001101000101 110000000001000000000000 1000101011001010010100110101010 354
a 1111010111101000101001101000101 111000000001010000000000 1000101011001010010000110101010 354
a 1111010111101000101010101000101 1000000100001000000000 1001101011001010010010110101010 354
a 1111010111101000101011101000101 101000000100011000000000 1000101011001010010010110101010 354
a 1111010111101010001010000000101 1000000000000010000000000100000 1000101011001010011010110101010 326
a 1111010111101010001010000100000 1100000000000000000000000000100 1000101011001010010100110101010 326
a 1111010111101010001010000100100 1110000000000000000000000000101 1000101011001010010000110101010 326
a 1111010111101010001010000100101 1010000000000010000000000100001 1000101011001010010010110101010 326
a 1111110000101000100001101000101 100001000001000000000000000 1000101011000000010101110101110 305
a 1111110000101001100001101000101 1100101000001000100000000000 1000101011000000010101110111110 424
a 1111110000101001100101101000101 1000100000000000100000000000 1000101011000000010101110111010 305
a 1111110001101000100001101000101 11100011000001000000000000000 1000101011000010010101110111010 354
a 1111110001101001100001101000101 1000001000001000000000000000 1000101011000000010101110111010 354
a 1111110011101000100001101000101 10100010000000000000000000000 1000101011000010010100110111010 354
a 1111110100101001100001101000101 100100000000000100000000000 1000101011000000010101110101110 354
a 1111110100101001100101101000101 1100100000000000100000000000 1000101001000000010101110111010 305
